#model_ID min_frag_hits params_Bx-Ny_Theta_Zn_Phi_Wn
32164 160 -2.96 -90.0 2.93 4.0 0.0 335.0
174380 160 1.97 -90.0 2.93 4.0 0.0 335.0
68335 150 -1.97 -90.0 2.93 3.0 -0.039 335.0
134946 139 -1.97 -100.0 2.93 4.0 0.0 335.0
219380 139 1.97 -100.0 2.93 4.0 0.0 335.0
310127 138 0.99 -100.0 2.93 5.0 0.039 335.0
215450 138 3.94 -100.0 2.93 5.0 0.039 335.0
520406 137 -3.94 -100.0 2.93 4.0 0.0 335.0
227383 136 1.97 -90.0 2.93 4.0 0.039 335.0
37471 135 -0.99 -100.0 2.93 5.0 0.078 335.0
324304 134 -1.97 -100.0 2.93 5.0 0.039 335.0
80203 134 -0.0 -100.0 2.93 5.0 0.039 335.0
177291 133 -0.99 -100.0 2.93 4.0 0.039 335.0
55667 132 3.94 -100.0 2.93 5.0 0.078 335.0
506744 129 0.99 -100.0 3.91 6.0 0.117 335.0
160839 129 1.97 -100.0 2.93 6.0 0.117 335.0
184717 129 -4.93 -90.0 2.93 5.0 0.039 335.0
144259 128 1.97 -100.0 2.93 5.0 0.078 335.0
173326 126 0.99 -100.0 2.93 5.0 0.078 335.0
342988 126 -2.96 -100.0 2.93 5.0 0.078 335.0
230689 125 3.94 -100.0 3.91 6.0 0.117 335.0
343552 123 -1.97 -100.0 2.93 5.0 0.078 335.0
48815 122 -3.94 -100.0 2.93 3.0 -0.039 335.0
116136 122 -1.97 -90.0 2.93 3.0 -0.039 315.0
257143 122 -0.99 -90.0 2.93 5.0 0.078 335.0
446544 120 -0.99 -100.0 2.93 5.0 0.039 335.0
579426 119 -1.97 -90.0 2.93 3.0 0.0 335.0
405353 118 -0.0 -100.0 2.93 5.0 0.078 335.0
21976 118 4.93 -80.0 2.93 3.0 -0.039 295.0
119398 117 0.99 -80.0 2.93 4.0 0.0 295.0
120651 117 -4.93 -90.0 2.93 5.0 0.078 335.0
339229 116 -0.0 -90.0 2.93 5.0 0.078 335.0
588621 116 2.96 -90.0 2.93 3.0 -0.039 315.0
588361 115 0.99 -100.0 2.93 6.0 0.078 315.0
428906 115 -4.93 -100.0 2.93 5.0 0.078 335.0
480614 114 2.96 -100.0 2.93 5.0 0.078 335.0
242815 113 -1.97 -100.0 2.93 4.0 0.039 335.0
498840 113 -4.93 -100.0 2.93 5.0 0.039 335.0
51677 111 -3.94 -80.0 2.93 4.0 0.039 295.0
543284 111 0.99 -90.0 2.93 5.0 0.078 335.0
423312 111 -3.94 -100.0 2.93 4.0 0.039 335.0
372533 110 -4.93 -80.0 2.93 3.0 -0.039 315.0
128037 110 -0.0 -90.0 2.93 4.0 0.039 355.0
72907 110 2.96 -90.0 2.93 3.0 0.0 335.0
80632 109 2.96 -100.0 3.91 6.0 0.117 335.0
54872 109 2.96 -100.0 2.93 4.0 0.039 335.0
95971 109 -1.97 -90.0 2.93 3.0 0.0 315.0
346105 109 -3.94 -80.0 2.93 4.0 0.0 295.0
568458 109 1.97 -100.0 2.93 4.0 0.039 335.0
27952 107 4.93 -100.0 3.91 7.0 0.156 55.0
346529 107 1.97 -100.0 2.93 3.0 -0.039 335.0
144505 106 0.99 -90.0 2.93 5.0 0.078 355.0
122595 106 3.94 -90.0 2.93 6.0 0.117 355.0
21403 105 -3.94 -90.0 2.93 5.0 0.0 335.0
214313 105 -2.96 -100.0 2.93 3.0 -0.039 335.0
121117 105 -0.99 -100.0 3.91 6.0 0.117 335.0
537956 104 4.93 -80.0 2.93 3.0 0.0 295.0
224897 103 -3.94 -90.0 2.93 5.0 0.078 355.0
659941 103 0.99 -80.0 2.93 4.0 0.039 295.0
281392 103 -0.99 -90.0 2.93 4.0 0.039 315.0
30396 103 -4.93 -90.0 2.93 4.0 0.039 355.0
163160 102 -0.99 -100.0 2.93 6.0 0.117 295.0
491396 101 2.96 -100.0 2.93 5.0 0.039 335.0
2161 101 -2.96 -100.0 2.93 3.0 -0.078 335.0

