1 1 15.7236 0.503533 2
1 10 22.0179 0.514551 4
1 2 14.2514 0.527934 4
1 3 15.5538 0.525888 4
1 4 20.2939 0.479124 0
1 5 15.6594 0.495335 4
1 6 20.8579 0.500275 2
1 7 21.7463 0.526835 4
1 8 20.2736 0.522862 4
1 9 20.1154 0.496662 4
10 1 -14.6984 0.475682 4
10 10 -0.82754 0.405957 5
10 2 3.4747 0.446427 4
10 3 1.4493 0.510805 3
10 4 0.76038 0.52466 7
10 5 -0.4568 0.465032 5
10 6 7.34279 0.38699 4
10 7 1.59361 0.465775 5
10 8 1.6669 0.498734 3
10 9 2.44415 0.49276 3
100 1 12.3522 0.511788 6
100 10 18.5526 0.494362 6
100 2 -26.2349 0.48613 5
100 3 38.1904 0.525975 4
100 4 -28.5624 0.432198 5
100 5 -25.2821 0.436934 4
100 6 18.5416 0.542144 3
100 7 40.6516 0.481394 3
100 8 36.8899 0.468261 6
100 9 33.833 0.497601 4
101 1 32.383 0.546535 6
101 10 32.5843 0.51836 6
101 2 30.6713 0.553273 6
101 3 -30.9905 0.509055 6
101 4 11.3684 0.492512 7
101 5 39.0509 0.477296 5
101 6 -34.2772 0.513172 7
101 7 -12.1041 0.529035 6
101 8 27.0337 0.535902 6
101 9 -28.6308 0.517195 6
102 1 -1.14342 0.529058 3
102 10 -3.15071 0.470462 3
102 2 73.3533 0.432626 2
102 3 74.8727 0.540565 3
102 4 -3.07234 0.479077 3
102 5 -40.1733 0.474041 2
102 6 -4.85598 0.451535 2
102 7 72.9779 0.460595 2
102 8 72.4594 0.460451 2
102 9 -1.39696 0.499445 3
103 1 -53.4129 0.428622 0
103 10 -31.7628 0.407288 0
103 2 -31.5093 0.420381 0
103 3 -30.8201 0.478078 0
103 4 -32.3104 0.428123 0
103 5 -30.9469 0.430437 0
103 6 -28.654 0.412253 0
103 7 -27.6581 0.493248 0
103 8 -31.941 0.408146 0
103 9 -33.0156 0.448515 0
104 1 -12.333 0.392494 3
104 10 29.6879 0.45262 2
104 2 28.4712 0.494208 2
104 3 -14.3519 0.509537 1
104 4 31.3987 0.469428 2
104 5 -10.6545 0.437617 2
104 6 -8.9606 0.468033 2
104 7 -8.70878 0.475385 3
104 8 -1.42974 0.505907 2
104 9 28.9221 0.419796 2
105 1 120 0.532961 1
105 10 120 0.551743 1
105 2 120 0.477233 1
105 3 120 0.495637 1
105 4 120 0.535885 1
105 5 120 0.466415 1
105 6 120 0.518506 1
105 7 120 0.489765 1
105 8 120 0.522539 1
105 9 120 0.504301 1
106 1 -94.8977 0.445153 7
106 10 -16.9965 0.462342 7
106 2 -16.9715 0.447876 6
106 3 -17.9096 0.398882 7
106 4 -48.6113 0.479183 4
106 5 -95.9402 0.446953 4
106 6 -94.0081 0.488003 6
106 7 -24.691 0.508637 3
106 8 -43.1828 0.462733 7
106 9 -51.2629 0.442557 4
107 1 41.037 0.480241 6
107 10 -43.9901 0.457161 6
107 2 38.4981 0.38985 6
107 3 41.4227 0.457236 6
107 4 38.3912 0.458927 6
107 5 42.5595 0.45068 6
107 6 31.8432 0.437015 6
107 7 37.7082 0.413317 6
107 8 39.4579 0.423447 6
107 9 39.0782 0.450954 6
108 1 120 0.656634 5
108 10 120 0.639561 5
108 2 120 0.624716 5
108 3 120 0.661337 5
108 4 120 0.657541 5
108 5 120 0.663905 5
108 6 120 0.622407 5
108 7 120 0.645064 5
108 8 120 0.65777 5
108 9 120 0.600303 5
109 1 120 0.356773 2
109 10 120 0.443704 2
109 2 120 0.44088 2
109 3 120 0.374244 1
109 4 120 0.382812 1
109 5 120 0.431966 3
109 6 120 0.411915 0
109 7 120 0.42361 1
109 8 120 0.413269 2
109 9 120 0.443117 2
11 1 19.5758 0.469322 4
11 10 20.4244 0.443931 3
11 2 19.6663 0.478202 2
11 3 19.5842 0.450237 3
11 4 18.7374 0.443022 1
11 5 19.9012 0.454522 2
11 6 18.6441 0.474151 1
11 7 20.0576 0.511529 1
11 8 20.8717 0.463709 4
11 9 20.185 0.471375 5
110 1 -35.5658 0.643927 3
110 10 -34.1069 0.560076 2
110 2 -36.5373 0.518481 2
110 3 -32.9918 0.499287 2
110 4 -34.4535 0.639334 2
110 5 -32.1638 0.578391 3
110 6 -30.7716 0.540446 2
110 7 -31.5473 0.609347 2
110 8 -37.3274 0.530689 3
110 9 -36.7465 0.58548 2
111 1 -48.7045 0.459238 5
111 10 -49.0439 0.443644 5
111 2 -49.8706 0.478323 5
111 3 -49.1679 0.521745 4
111 4 -49.4087 0.496718 5
111 5 -48.7434 0.437699 5
111 6 -48.9238 0.521145 6
111 7 -48.8168 0.454762 5
111 8 -49.6922 0.466054 5
111 9 -49.3972 0.436876 5
112 1 -50.3902 0.483091 4
112 10 -53.3115 0.489146 2
112 2 -54.9039 0.504874 4
112 3 -47.0673 0.538212 3
112 4 -47.7273 0.478896 4
112 5 -44.4788 0.467966 1
112 6 -43.583 0.448372 1
112 7 -49.1067 0.572093 3
112 8 -42.756 0.465658 4
112 9 -45.946 0.4929 1
113 1 120 0.476042 3
113 10 120 0.406549 3
113 2 120 0.480039 1
113 3 120 0.472779 1
113 4 120 0.498001 1
113 5 120 0.387419 2
113 6 120 0.483719 1
113 7 120 0.459095 1
113 8 120 0.475752 2
113 9 120 0.433999 1
114 1 120 0.556119 1
114 10 120 0.532545 1
114 2 120 0.517296 1
114 3 120 0.532641 2
114 4 120 0.511753 3
114 5 120 0.488102 2
114 6 120 0.562376 1
114 7 120 0.491281 2
114 8 120 0.517101 1
114 9 120 0.5582 1
115 1 120 0.434785 3
115 10 120 0.41562 3
115 2 115.776 0.486545 4
115 3 87.9666 0.411923 3
115 4 120 0.431843 3
115 5 120 0.469139 3
115 6 120 0.410931 4
115 7 120 0.41865 3
115 8 120 0.402498 6
115 9 120 0.398505 4
116 1 120 0.443607 1
116 10 120 0.458408 1
116 2 120 0.421125 2
116 3 120 0.452149 1
116 4 120 0.49277 1
116 5 120 0.455492 2
116 6 120 0.447603 1
116 7 120 0.423337 2
116 8 120 0.441624 1
116 9 120 0.406102 2
117 1 120 0.519081 1
117 10 120 0.483063 2
117 2 120 0.538404 2
117 3 120 0.465185 2
117 4 120 0.452117 2
117 5 120 0.509851 2
117 6 120 0.522839 0
117 7 120 0.398603 2
117 8 120 0.398098 2
117 9 120 0.459289 2
118 1 120 0.439851 0
118 10 120 0.414668 1
118 2 120 0.497424 4
118 3 120 0.472727 0
118 4 120 0.357836 1
118 5 120 0.446644 2
118 6 120 0.449869 0
118 7 120 0.415163 0
118 8 120 0.458833 1
118 9 120 0.427354 0
119 1 120 0.455954 1
119 10 120 0.43897 2
119 2 120 0.502471 2
119 3 120 0.49742 2
119 4 120 0.40402 2
119 5 120 0.47677 1
119 6 120 0.401985 1
119 7 120 0.423994 2
119 8 120 0.455998 1
119 9 120 0.42903 2
12 1 -65.4598 0.447881 2
12 10 -65.5293 0.441219 2
12 2 -64.0597 0.487846 3
12 3 -65.8324 0.43763 2
12 4 -66.176 0.419466 2
12 5 -65.4196 0.491895 2
12 6 -65.1187 0.422995 2
12 7 -64.7049 0.4202 3
12 8 -63.2562 0.498768 2
12 9 -65.9147 0.424334 2
120 1 120 0.567474 2
120 10 120 0.486277 2
120 2 119.317 0.636748 3
120 3 120 0.539091 3
120 4 120 0.488618 3
120 5 118.955 0.542893 3
120 6 120 0.491258 3
120 7 120 0.525559 3
120 8 120 0.483944 4
120 9 120 0.591426 3
121 1 48.7232 0.352944 4
121 10 61.5376 0.37116 5
121 2 49.503 0.371871 6
121 3 48.1557 0.416137 4
121 4 48.288 0.373731 3
121 5 50.5973 0.370573 6
121 6 46.9429 0.387725 3
121 7 57.9803 0.310526 7
121 8 48.8837 0.314947 4
121 9 50.8183 0.350872 4
122 1 120 0.500722 21
122 10 120 0.587166 19
122 2 120 0.611976 21
122 3 120 0.548602 21
122 4 120 0.534773 21
122 5 120 0.637792 21
122 6 120 0.589214 24
122 7 120 0.611468 21
122 8 120 0.587231 21
122 9 120 0.52689 21
123 1 120 0.516873 4
123 10 120 0.507996 7
123 2 120 0.523592 5
123 3 120 0.524181 7
123 4 120 0.504598 8
123 5 120 0.471153 5
123 6 120 0.4945 6
123 7 120 0.558333 5
123 8 120 0.520517 5
123 9 120 0.502703 7
124 1 120 0.44863 4
124 10 120 0.493001 3
124 2 52.7146 0.454952 3
124 3 64.3996 0.507975 3
124 4 120 0.486129 4
124 5 46.056 0.43143 4
124 6 120 0.465635 5
124 7 66.1061 0.484659 5
124 8 120 0.486378 4
124 9 61.4075 0.442094 5
125 1 120 0.455899 0
125 10 120 0.411221 0
125 2 120 0.41307 0
125 3 120 0.411647 0
125 4 120 0.5022 0
125 5 120 0.463377 0
125 6 120 0.422427 0
125 7 120 0.444437 0
125 8 120 0.479317 0
125 9 120 0.479042 0
126 1 120 0.460858 5
126 10 120 0.511606 4
126 2 120 0.509056 3
126 3 120 0.476783 3
126 4 30.7546 0.47321 6
126 5 49.6594 0.51041 4
126 6 120 0.492365 4
126 7 120 0.449032 4
126 8 16.3573 0.415045 3
126 9 50.5743 0.457031 4
127 1 120 0.437179 8
127 10 120 0.448146 6
127 2 120 0.47038 6
127 3 120 0.412478 6
127 4 120 0.429373 6
127 5 120 0.412503 6
127 6 120 0.43106 6
127 7 120 0.494268 8
127 8 120 0.342163 8
127 9 120 0.493056 7
128 1 14.4588 0.451055 6
128 10 14.6735 0.423637 6
128 2 14.1486 0.485593 7
128 3 14.1815 0.483703 3
128 4 14.0191 0.49206 7
128 5 14.4794 0.513433 7
128 6 13.6683 0.463912 6
128 7 14.3645 0.422777 7
128 8 13.9839 0.515605 7
128 9 14.1994 0.464299 7
129 1 -12.6122 0.443432 4
129 10 -6.56476 0.478905 3
129 2 -6.85319 0.53603 3
129 3 -5.26909 0.48767 3
129 4 -5.8939 0.502196 3
129 5 -7.8303 0.473995 2
129 6 -6.51152 0.48015 3
129 7 -7.53037 0.497619 4
129 8 -7.33153 0.428958 3
129 9 -7.17601 0.502236 4
13 1 -42.2432 0.522226 0
13 10 -45.1442 0.466977 2
13 2 -44.6037 0.490272 2
13 3 -44.4393 0.511459 2
13 4 -43.3138 0.504883 3
13 5 -44.5718 0.467502 2
13 6 -42.014 0.501025 1
13 7 -44.029 0.444829 2
13 8 -44.8729 0.491872 2
13 9 -44.4107 0.508679 3
130 1 -10.5206 0.455788 3
130 10 -14.9321 0.489531 4
130 2 -21.6255 0.536123 3
130 3 -17.7913 0.50171 2
130 4 -6.56624 0.465322 2
130 5 -18.08 0.466391 4
130 6 -12.7445 0.426697 2
130 7 -18.6766 0.447897 4
130 8 -19.5956 0.460646 3
130 9 -6.85131 0.469681 3
131 1 -16.7518 0.507727 2
131 10 -18.0529 0.454548 4
131 2 -16.0163 0.472937 1
131 3 -18.8936 0.544053 1
131 4 -19.1587 0.4663 0
131 5 -19.7625 0.486682 1
131 6 -18.8174 0.49674 2
131 7 -18.4051 0.479125 3
131 8 -16.6656 0.486132 2
131 9 -23.9267 0.441843 2
132 1 27.9592 0.407192 1
132 10 30.0434 0.319381 1
132 2 30.9832 0.430961 3
132 3 31.1556 0.463335 3
132 4 30.7867 0.477008 3
132 5 29.6918 0.444737 1
132 6 28.2188 0.345533 1
132 7 31.2112 0.443766 3
132 8 29.8073 0.408391 1
132 9 29.183 0.394311 1
133 1 108.19 0.449939 1
133 10 108.718 0.423029 3
133 2 105.914 0.453124 3
133 3 109.365 0.47835 3
133 4 108.562 0.425733 3
133 5 109.013 0.446293 2
133 6 108.574 0.471867 3
133 7 108.061 0.482407 1
133 8 109.014 0.451551 3
133 9 108.275 0.490086 1
134 1 -58.9732 0.475508 3
134 10 -68.516 0.523777 3
134 2 -64.7033 0.497812 2
134 3 -63.9746 0.500189 2
134 4 -63.6345 0.480008 0
134 5 -64.8299 0.484049 2
134 6 -62.5754 0.523266 2
134 7 -63.1641 0.547806 2
134 8 -59.6612 0.494093 3
134 9 -63.7774 0.48327 2
135 1 -15.6149 0.574926 4
135 10 3.32515 0.51715 3
135 2 -15.8265 0.52383 4
135 3 0.27203 0.487414 6
135 4 -15.9284 0.530331 4
135 5 2.84613 0.473209 3
135 6 0.43569 0.489649 5
135 7 0.08623 0.508291 6
135 8 -0.95666 0.51448 4
135 9 -2.28691 0.482246 5
136 1 120 0.54182 2
136 10 120 0.528755 2
136 2 120 0.481219 2
136 3 120 0.497486 2
136 4 120 0.528124 5
136 5 120 0.536725 5
136 6 120 0.54054 5
136 7 120 0.569452 3
136 8 120 0.480531 2
136 9 120 0.483149 5
137 1 -30.8027 0.50627 2
137 10 -31.3632 0.464531 1
137 2 -31.277 0.536314 2
137 3 -30.4631 0.417462 1
137 4 -30.4238 0.558913 1
137 5 -30.9068 0.52559 1
137 6 -30.5056 0.52732 1
137 7 -31.8995 0.474928 2
137 8 -30.5233 0.510304 1
137 9 -31.2046 0.547904 1
138 1 -63.5307 0.447785 0
138 10 -59.5042 0.428113 2
138 2 -59.2826 0.455914 2
138 3 -58.2409 0.495107 2
138 4 -60.9677 0.516969 3
138 5 -59.7563 0.374669 3
138 6 -60.7337 0.41454 2
138 7 -60.1835 0.495484 2
138 8 -59.1744 0.509435 2
138 9 -62.8657 0.505182 2
139 1 -37.3369 0.450167 0
139 10 -39.4443 0.463203 0
139 2 -40.9038 0.446129 1
139 3 -35.6731 0.511436 0
139 4 -36.1446 0.45479 0
139 5 -39.2264 0.449379 0
139 6 -41.6055 0.474617 1
139 7 -40.5294 0.44239 1
139 8 -41.1055 0.456969 0
139 9 -35.2602 0.464577 0
14 1 -32.3501 0.422824 5
14 10 -34.7107 0.409925 4
14 2 -33.93 0.428935 3
14 3 -35.7064 0.426732 3
14 4 -34.3082 0.472862 3
14 5 -35.2117 0.48145 4
14 6 -35.4135 0.429882 4
14 7 -35.559 0.484369 4
14 8 -35.1871 0.352757 3
14 9 -35.6167 0.407956 4
140 1 -64.6674 0.523287 0
140 10 -65.8687 0.481239 0
140 2 -66.1677 0.448492 1
140 3 -65.9754 0.536691 0
140 4 -64.8319 0.478664 1
140 5 -64.6664 0.490089 0
140 6 -61.6611 0.52855 0
140 7 -62.901 0.492186 0
140 8 -65.3216 0.490843 1
140 9 -64.8285 0.538897 0
141 1 -35.4373 0.53453 6
141 10 -33.9494 0.534826 8
141 2 -33.9657 0.507258 7
141 3 -34.7571 0.518986 6
141 4 -35.4914 0.502895 6
141 5 -36.2636 0.481732 6
141 6 -36.1991 0.483237 6
141 7 -35.9606 0.483663 6
141 8 -32.704 0.496138 7
141 9 -34.2775 0.517715 7
142 1 120 0.542948 13
142 10 120 0.538677 13
142 2 120 0.526574 13
142 3 120 0.548335 13
142 4 120 0.486284 13
142 5 120 0.497485 13
142 6 120 0.539508 13
142 7 120 0.544382 13
142 8 120 0.51467 13
142 9 120 0.56615 13
143 1 120 0.493262 2
143 10 120 0.489502 1
143 2 120 0.432817 2
143 3 120 0.504595 1
143 4 120 0.485498 2
143 5 120 0.500394 2
143 6 120 0.503254 1
143 7 120 0.495993 2
143 8 120 0.469671 2
143 9 120 0.484254 2
144 1 19.1327 0.487426 4
144 10 20.039 0.517281 6
144 2 120 0.507937 7
144 3 120 0.514705 8
144 4 17.8158 0.447735 7
144 5 18.0736 0.440146 8
144 6 20.9631 0.42501 7
144 7 21.8983 0.49723 4
144 8 22.2482 0.535937 6
144 9 18.2956 0.497061 5
145 1 120 0.47526 3
145 10 120 0.478795 3
145 2 120 0.333487 3
145 3 120 0.41758 2
145 4 120 0.461688 2
145 5 120 0.410963 3
145 6 120 0.445541 3
145 7 120 0.419063 3
145 8 120 0.434314 2
145 9 120 0.46442 5
146 1 -0.04139 0.550225 0
146 10 12.7614 0.523903 0
146 2 -25.165 0.558325 0
146 3 -0.66863 0.476344 0
146 4 -24.8448 0.496363 0
146 5 -4.73409 0.525048 1
146 6 7.57939 0.527103 1
146 7 13.6459 0.510246 1
146 8 11.5558 0.508464 0
146 9 -24.5702 0.489908 0
147 1 65.2766 0.469362 2
147 10 69.9061 0.464477 3
147 2 65.5409 0.496166 3
147 3 72.0331 0.499821 2
147 4 68.8785 0.482061 3
147 5 71.3707 0.498504 2
147 6 72.2319 0.520874 4
147 7 65.8908 0.532506 2
147 8 68.5422 0.474454 2
147 9 71.2169 0.54432 2
148 1 120 0.540417 5
148 10 120 0.4559 3
148 2 120 0.469704 6
148 3 120 0.481171 3
148 4 120 0.484707 6
148 5 120 0.459726 6
148 6 120 0.510075 5
148 7 120 0.469504 6
148 8 120 0.487088 6
148 9 120 0.513825 5
149 1 -26.6512 0.585511 1
149 10 -38.2013 0.553978 2
149 2 -27.433 0.555836 0
149 3 -36.9915 0.548235 0
149 4 -38.6804 0.594019 1
149 5 -27.6107 0.522649 0
149 6 -39.0867 0.529486 0
149 7 -35.1406 0.459254 1
149 8 -27.934 0.559444 2
149 9 -26.3032 0.508099 0
15 1 -30.0258 0.448082 3
15 10 -29.4929 0.45558 3
15 2 -29.9935 0.477833 1
15 3 -29.617 0.464345 3
15 4 -26.385 0.499065 7
15 5 -29.6411 0.475585 6
15 6 -30.2874 0.510398 5
15 7 -30.4691 0.412083 3
15 8 -30.5587 0.446832 3
15 9 -29.7808 0.512252 3
150 1 -29.2277 0.514389 0
150 10 -32.6636 0.526754 1
150 2 -29.0661 0.551425 1
150 3 -30.6269 0.477822 2
150 4 -32.385 0.503171 1
150 5 -29.7836 0.471775 1
150 6 -29.1526 0.580734 1
150 7 -32.8697 0.534435 2
150 8 -29.0616 0.519493 1
150 9 -36.0984 0.555987 0
151 1 120 0.612581 12
151 10 120 0.58193 13
151 2 120 0.599993 15
151 3 120 0.565341 14
151 4 120 0.596715 15
151 5 120 0.577327 13
151 6 120 0.573995 14
151 7 120 0.59326 15
151 8 120 0.554921 13
151 9 120 0.597674 13
152 1 49.3634 0.44426 7
152 10 51.2848 0.483004 6
152 2 49.9443 0.458731 6
152 3 -36.1297 0.439899 8
152 4 48.6319 0.415133 7
152 5 -38.0517 0.40135 8
152 6 48.1733 0.440788 9
152 7 48.275 0.489539 8
152 8 50.3695 0.398795 5
152 9 -35.7907 0.474578 9
153 1 23.5926 0.457839 7
153 10 8.91416 0.423511 7
153 2 9.81688 0.43943 7
153 3 9.95383 0.491464 7
153 4 23.1671 0.413234 7
153 5 10.4308 0.456997 7
153 6 13.1712 0.455008 4
153 7 23.9716 0.461478 6
153 8 24.8142 0.467103 6
153 9 23.7668 0.500962 6
154 1 -40.8146 0.452565 3
154 10 -42.5353 0.514852 2
154 2 -42.5141 0.481833 2
154 3 -42.3938 0.425379 2
154 4 -42.4649 0.437481 2
154 5 -42.3367 0.49171 2
154 6 -39.3345 0.538308 3
154 7 -42.4573 0.457666 2
154 8 -40.4575 0.55539 3
154 9 -42.2085 0.551913 2
155 1 -44.7383 0.46052 1
155 10 -46.7019 0.428559 3
155 2 -46.677 0.440544 1
155 3 -46.4045 0.460341 3
155 4 -37.6458 0.38017 1
155 5 -46.8143 0.462486 3
155 6 -46.2575 0.463865 3
155 7 -46.2925 0.436386 1
155 8 -46.1432 0.453361 3
155 9 -46.7571 0.405969 4
156 1 -47.5431 0.503857 0
156 10 -47.48 0.584454 0
156 2 -48.0644 0.455736 0
156 3 -50.9587 0.518416 0
156 4 -47.7106 0.525492 1
156 5 -46.7794 0.499286 0
156 6 -49.9845 0.513976 1
156 7 -48.0774 0.492671 0
156 8 -46.91 0.458284 0
156 9 -46.7757 0.446002 0
157 1 1.8054 0.522329 2
157 10 1.42274 0.514629 2
157 2 0.58067 0.429345 2
157 3 1.46944 0.466483 2
157 4 -4.34736 0.543021 3
157 5 1.07852 0.514612 2
157 6 -1.07181 0.428573 1
157 7 1.07195 0.516279 2
157 8 0.47775 0.468715 2
157 9 0.70217 0.538551 2
158 1 -49.9304 0.45322 2
158 10 -48.7582 0.463637 1
158 2 -49.0551 0.427432 3
158 3 -48.7809 0.479139 2
158 4 -48.3181 0.434387 2
158 5 -49.074 0.40688 2
158 6 -48.8518 0.373307 2
158 7 -49.7774 0.464103 2
158 8 -48.0332 0.510102 2
158 9 -48.7906 0.438917 2
159 1 -46.5505 0.482642 2
159 10 -47.187 0.460255 1
159 2 -50.1435 0.404738 1
159 3 -48.9785 0.477772 1
159 4 -50.3847 0.456722 1
159 5 -51.1317 0.440154 1
159 6 -44.3612 0.48286 1
159 7 -49.3581 0.463853 1
159 8 -49.5741 0.460722 1
159 9 -49.9327 0.425328 1
16 1 19.5733 0.546053 7
16 10 18.7456 0.491273 4
16 2 20.2769 0.522291 7
16 3 18.2235 0.472484 3
16 4 17.3153 0.525194 7
16 5 19.6818 0.502023 7
16 6 19.2864 0.484758 7
16 7 17.243 0.533344 6
16 8 -37.1921 0.483458 7
16 9 18.8146 0.572141 8
160 1 -51.2036 0.455488 4
160 10 -50.8542 0.469271 2
160 2 -51.7719 0.515119 1
160 3 -48.7369 0.381757 2
160 4 -50.5412 0.440153 4
160 5 -51.0887 0.443952 2
160 6 -49.4703 0.460293 2
160 7 -51.4208 0.456071 2
160 8 -49.909 0.442751 2
160 9 -49.5907 0.397074 2
161 1 -12.1814 0.487957 0
161 10 -11.6865 0.504799 0
161 2 -12.0954 0.509575 0
161 3 -10.9265 0.479082 2
161 4 -48.5766 0.491308 0
161 5 -47.8496 0.477677 0
161 6 -11.7749 0.512771 0
161 7 -11.8608 0.468445 0
161 8 -11.9878 0.518328 0
161 9 -11.6119 0.429529 0
162 1 -19.114 0.369278 4
162 10 -18.6171 0.407815 4
162 2 -18.8414 0.446851 4
162 3 -16.4022 0.400285 4
162 4 -18.8927 0.368721 4
162 5 -20.6802 0.477531 4
162 6 -19.0913 0.39819 4
162 7 -18.9797 0.41469 4
162 8 -17.9631 0.420281 4
162 9 -19.0847 0.425968 4
163 1 69.5007 0.474365 4
163 10 67.7206 0.444242 4
163 2 70.8001 0.464193 4
163 3 -6.13848 0.396043 4
163 4 -4.84611 0.404366 4
163 5 -4.97885 0.430362 4
163 6 68.4572 0.434979 4
163 7 67.3771 0.492467 4
163 8 66.8597 0.455238 4
163 9 65.8752 0.464701 4
164 1 17.505 0.388346 0
164 10 19.1745 0.357369 0
164 2 18.862 0.387385 1
164 3 20.1292 0.388425 0
164 4 19.769 0.411866 0
164 5 18.1717 0.395373 0
164 6 18.2414 0.346739 0
164 7 17.222 0.392026 1
164 8 18.5921 0.428071 1
164 9 17.4157 0.379458 0
165 1 120 0.541502 1
165 10 120 0.570372 1
165 2 120 0.524753 1
165 3 120 0.42758 1
165 4 120 0.515318 1
165 5 120 0.484305 1
165 6 120 0.531363 1
165 7 120 0.553672 1
165 8 120 0.473825 1
165 9 120 0.521426 1
166 1 44.5503 0.462179 5
166 10 43.2149 0.542617 6
166 2 43.2081 0.498681 6
166 3 38.4106 0.468006 3
166 4 42.8637 0.499841 6
166 5 42.0182 0.479471 6
166 6 32.5573 0.496177 6
166 7 41.0354 0.501588 6
166 8 44.2378 0.471117 6
166 9 42.954 0.508224 5
167 1 72.0623 0.495754 0
167 10 71.9462 0.491415 1
167 2 74.0501 0.548215 0
167 3 73.4025 0.484933 0
167 4 76.7659 0.452337 0
167 5 72.009 0.454472 1
167 6 73.157 0.561149 0
167 7 76.5667 0.464001 0
167 8 75.099 0.534793 1
167 9 74.2561 0.482462 0
168 1 37.9533 0.422724 1
168 10 37.7732 0.371952 0
168 2 39.6814 0.438351 0
168 3 38.7582 0.46304 3
168 4 37.5567 0.391025 2
168 5 41.8784 0.46204 1
168 6 39.013 0.442859 1
168 7 39.1451 0.493178 0
168 8 38.2091 0.416407 1
168 9 37.3296 0.398717 1
169 1 92.476 0.501663 1
169 10 91.6925 0.517036 1
169 2 93.1799 0.472915 2
169 3 92.0046 0.539525 1
169 4 90.9963 0.45894 1
169 5 91.0386 0.480525 1
169 6 91.7946 0.485281 1
169 7 90.965 0.500108 1
169 8 92.8852 0.505636 1
169 9 93.2404 0.516178 1
17 1 -49.6163 0.414615 2
17 10 -51.3875 0.491278 3
17 2 -50.9878 0.470675 2
17 3 -51.2282 0.435552 4
17 4 -50.1178 0.422198 4
17 5 -50.8423 0.455085 2
17 6 -51.416 0.498869 3
17 7 -51.7024 0.451475 2
17 8 -50.5499 0.464712 3
17 9 -50.6287 0.412288 4
170 1 93.539 0.418718 2
170 10 95.3241 0.452332 2
170 2 94.0224 0.420271 2
170 3 92.8938 0.478641 3
170 4 93.579 0.437803 2
170 5 90.4543 0.452558 2
170 6 92.5966 0.449394 3
170 7 94.3598 0.476141 2
170 8 93.6962 0.386928 2
170 9 94.3516 0.471001 2
171 1 120 0.614772 7
171 10 120 0.556824 14
171 2 120 0.604371 7
171 3 120 0.523338 15
171 4 120 0.601335 14
171 5 120 0.531732 15
171 6 120 0.55703 15
171 7 120 0.494349 15
171 8 120 0.577521 15
171 9 120 0.50767 15
172 1 -44.6116 0.501093 4
172 10 -42.9999 0.506582 4
172 2 -43.1155 0.474621 4
172 3 -43.0045 0.519496 3
172 4 -45.0367 0.48039 4
172 5 -43.6583 0.51075 6
172 6 -42.7769 0.527738 4
172 7 -42.8081 0.511093 7
172 8 -44.0816 0.483108 4
172 9 -42.3037 0.474179 5
173 1 -41.3484 0.485434 4
173 10 -40.2967 0.462172 4
173 2 -26.3952 0.452348 4
173 3 -40.4017 0.471772 4
173 4 -43.9368 0.45242 5
173 5 -38.951 0.544389 4
173 6 -38.627 0.457523 5
173 7 -38.5166 0.48042 6
173 8 -38.4499 0.466892 6
173 9 -41.0006 0.493194 4
174 1 11.8116 0.571035 2
174 10 -4.58376 0.458549 3
174 2 -0.79118 0.485585 1
174 3 17.2576 0.532594 3
174 4 14.3931 0.416963 1
174 5 8.13537 0.514526 1
174 6 16.2679 0.574808 1
174 7 15.5547 0.478921 2
174 8 28.575 0.497577 2
174 9 -4.89668 0.534493 3
175 1 3.46674 0.459469 1
175 10 11.3295 0.501495 4
175 2 17.456 0.499101 3
175 3 18.2869 0.474039 3
175 4 16.5167 0.517107 2
175 5 12.7717 0.471742 1
175 6 12.1286 0.481505 1
175 7 12.0244 0.564182 7
175 8 21.4086 0.519584 2
175 9 17.1446 0.43965 2
176 1 -5.5425 0.454276 1
176 10 -16.3897 0.454824 3
176 2 -11.4372 0.426702 1
176 3 -15.7248 0.455025 1
176 4 -9.56476 0.448281 1
176 5 -2.37429 0.423489 1
176 6 -0.20365 0.521979 2
176 7 -2.24841 0.529553 2
176 8 1.4611 0.509373 2
176 9 -15.3849 0.432308 2
177 1 -37.4096 0.54854 0
177 10 -40.0599 0.582692 2
177 2 -35.323 0.513004 3
177 3 -36.6134 0.502049 3
177 4 -37.5712 0.536177 1
177 5 -39.1179 0.498207 3
177 6 -39.3416 0.573783 3
177 7 -39.1857 0.489327 3
177 8 -37.6939 0.50188 2
177 9 -32.9935 0.502142 1
178 1 -34.826 0.406952 3
178 10 -27.9582 0.521161 4
178 2 -29.3076 0.457034 2
178 3 -37.0409 0.394799 2
178 4 -34.1166 0.501157 3
178 5 -31.4612 0.356871 2
178 6 -34.9295 0.457775 4
178 7 -30.2415 0.452931 4
178 8 -30.0991 0.486909 4
178 9 -38.3062 0.399826 2
179 1 -19.9633 0.538312 2
179 10 -16.1148 0.500156 1
179 2 -19.3449 0.456096 2
179 3 -18.6446 0.514562 2
179 4 -19.6019 0.470925 2
179 5 10.2521 0.520528 1
179 6 -19.0402 0.444992 2
179 7 -20.0726 0.451005 2
179 8 -9.13958 0.521499 1
179 9 -19.8923 0.497491 2
18 1 -42.4347 0.519825 3
18 10 -43.5401 0.469052 2
18 2 -42.4392 0.597714 2
18 3 -41.112 0.531385 2
18 4 -42.7178 0.568378 2
18 5 -42.4459 0.552561 0
18 6 -41.8556 0.508021 1
18 7 -40.3235 0.574472 2
18 8 -42.9478 0.538951 2
18 9 -42.9206 0.570475 1
180 1 12.4816 0.460833 2
180 10 13.1379 0.423041 1
180 2 10.9203 0.452632 1
180 3 12.7106 0.448144 0
180 4 13.4095 0.479548 2
180 5 34.1164 0.49215 2
180 6 11.7335 0.526188 2
180 7 13.4322 0.53971 0
180 8 12.3873 0.499278 4
180 9 13.4751 0.48942 1
181 1 -42.3637 0.412628 4
181 10 -37.9785 0.456393 4
181 2 -46.8946 0.433976 4
181 3 -41.9508 0.515443 5
181 4 -42.5555 0.430992 4
181 5 -39.6867 0.482856 4
181 6 -35.3291 0.462651 4
181 7 -40.4443 0.514767 2
181 8 -36.6076 0.500111 3
181 9 -44.2973 0.489604 3
182 1 -21.3242 0.464106 1
182 10 -23.3248 0.471622 2
182 2 -20.5232 0.468304 2
182 3 -21.6327 0.560866 2
182 4 -22.6576 0.47303 2
182 5 -22.0493 0.569091 2
182 6 -8.86265 0.530096 2
182 7 -21.5073 0.48495 2
182 8 -19.6732 0.569301 2
182 9 -21.7275 0.502516 2
183 1 120 0.581433 23
183 10 120 0.642575 19
183 2 120 0.579664 21
183 3 120 0.606803 22
183 4 120 0.553096 21
183 5 120 0.533774 19
183 6 120 0.537302 22
183 7 120 0.495318 20
183 8 120 0.576519 22
183 9 120 0.526075 22
184 1 -48.661 0.510942 1
184 10 -48.2697 0.459171 3
184 2 -48.0493 0.449362 0
184 3 -49.2883 0.454244 1
184 4 -50.7084 0.513228 3
184 5 -47.0545 0.469905 4
184 6 -67.7605 0.428479 1
184 7 -50.6484 0.515634 1
184 8 -48.1005 0.460778 0
184 9 -50.4407 0.460846 1
185 1 120 0.504172 2
185 10 120 0.440949 3
185 2 34.6179 0.533135 2
185 3 34.1947 0.526464 2
185 4 120 0.402925 2
185 5 120 0.447965 2
185 6 120 0.437688 5
185 7 -28.8123 0.395983 3
185 8 -35.5013 0.484425 5
185 9 120 0.468153 3
186 1 -5.21914 0.469267 3
186 10 106.996 0.409019 3
186 2 107.026 0.412425 3
186 3 -9.55984 0.409692 3
186 4 108.482 0.438081 1
186 5 109.619 0.406927 3
186 6 -10.9016 0.470443 3
186 7 106.367 0.451707 3
186 8 -8.44398 0.424997 3
186 9 107.996 0.435442 3
187 1 -51.3269 0.414147 4
187 10 -52.2876 0.407724 5
187 2 -53.9601 0.455409 4
187 3 -45.2501 0.46547 4
187 4 -41.8017 0.459645 4
187 5 -48.8291 0.452413 3
187 6 -53.0011 0.441896 4
187 7 -63.5715 0.468282 6
187 8 -54.8512 0.468614 3
187 9 -55.8923 0.412768 4
188 1 19.4809 0.46395 5
188 10 17.6144 0.438486 4
188 2 16.5722 0.400839 3
188 3 18.0535 0.34629 7
188 4 23.7282 0.399229 4
188 5 25.2851 0.424911 3
188 6 18.3025 0.419095 7
188 7 20.7946 0.449375 6
188 8 18.9384 0.376739 5
188 9 16.258 0.390004 6
189 1 -21.274 0.509935 7
189 10 -30.1082 0.456806 8
189 2 -29.9444 0.439339 8
189 3 -29.1433 0.531655 8
189 4 -32.9253 0.465985 8
189 5 -18.7798 0.425898 7
189 6 -29.9816 0.498966 7
189 7 -30.2918 0.449605 7
189 8 -25.6478 0.458434 6
189 9 -31.0919 0.466913 7
19 1 -38.6078 0.373053 0
19 10 -35.2072 0.41928 1
19 2 -34.3135 0.430285 1
19 3 -41.1244 0.392601 0
19 4 -41.9882 0.391481 0
19 5 -35.0007 0.416758 1
19 6 -35.4652 0.429488 2
19 7 -35.2917 0.448905 1
19 8 -34.8165 0.442545 2
19 9 -37.3855 0.455021 1
190 1 89.4573 0.462373 2
190 10 90.4772 0.605805 2
190 2 90.3751 0.499052 2
190 3 90.0981 0.569383 2
190 4 89.7362 0.528992 2
190 5 87.5197 0.492906 3
190 6 89.7172 0.497197 2
190 7 89.1547 0.50424 2
190 8 89.7852 0.570906 2
190 9 89.0274 0.499336 2
191 1 -49.9112 0.531251 4
191 10 -49.5868 0.500426 3
191 2 -48.7629 0.480892 3
191 3 -49.2797 0.50524 3
191 4 -50.3919 0.491396 3
191 5 -50.5747 0.497981 3
191 6 -36.9362 0.492891 2
191 7 -47.8379 0.448176 1
191 8 -49.7693 0.464007 4
191 9 -47.4596 0.488268 2
192 1 -27.0861 0.512151 3
192 10 54.3993 0.453796 4
192 2 54.3793 0.474756 3
192 3 -27.6838 0.479408 3
192 4 -25.0927 0.443298 3
192 5 54.3707 0.507717 4
192 6 -27.4662 0.461757 3
192 7 -28.0267 0.423096 3
192 8 -28.5351 0.448874 4
192 9 54.011 0.441829 3
193 1 -38.6062 0.467533 1
193 10 -35.5886 0.477126 1
193 2 -33.2365 0.415462 2
193 3 -31.7876 0.461064 2
193 4 -34.8234 0.50818 1
193 5 -32.7878 0.471058 2
193 6 -34.4165 0.432976 3
193 7 -36.6131 0.46411 1
193 8 -40.1264 0.414715 1
193 9 -39.4639 0.461632 1
194 1 -6.7932 0.457345 1
194 10 -6.98551 0.457141 4
194 2 -52.3696 0.41797 0
194 3 -5.32883 0.406211 1
194 4 -46.9081 0.492026 0
194 5 -5.43941 0.391962 2
194 6 -53.7514 0.430227 0
194 7 5.74207 0.408229 1
194 8 4.70044 0.484504 1
194 9 -56.3583 0.468836 1
195 1 41.4116 0.583017 5
195 10 120 0.499777 8
195 2 119.712 0.530488 7
195 3 117.569 0.540536 3
195 4 120 0.464679 6
195 5 49.8134 0.508941 7
195 6 120 0.567687 8
195 7 120 0.518156 5
195 8 55.9163 0.558474 5
195 9 49.1937 0.589316 7
196 1 10.7634 0.484831 2
196 10 11.9242 0.461604 2
196 2 -22.4407 0.469585 2
196 3 14.4551 0.447301 2
196 4 16.8889 0.450466 2
196 5 13.9559 0.48643 2
196 6 15.3322 0.414631 2
196 7 -22.7909 0.473145 1
196 8 -16.597 0.48674 4
196 9 15.0595 0.416203 2
197 1 -20.3452 0.498616 2
197 10 -18.4263 0.485056 2
197 2 -21.2696 0.429834 2
197 3 -17.1094 0.408392 1
197 4 -18.9202 0.489616 2
197 5 -19.56 0.445715 1
197 6 -17.6081 0.45325 2
197 7 -33.2491 0.452017 3
197 8 -18.1344 0.488434 2
197 9 -32.8281 0.488191 3
198 1 -49.2096 0.419503 5
198 10 -47.9404 0.463612 5
198 2 -50.2714 0.394668 5
198 3 -48.7245 0.418813 4
198 4 -48.8132 0.470224 5
198 5 -49.787 0.481183 5
198 6 -49.7608 0.376574 5
198 7 -50.2815 0.472419 5
198 8 -49.1905 0.473596 5
198 9 -48.578 0.431306 5
199 1 120 0.509044 2
199 10 120 0.472798 2
199 2 120 0.439811 3
199 3 120 0.400278 1
199 4 120 0.481383 4
199 5 120 0.390668 1
199 6 120 0.490786 0
199 7 120 0.483241 0
199 8 120 0.517288 1
199 9 120 0.463209 4
2 1 44.3792 0.495231 2
2 10 45.2688 0.431623 4
2 2 98.488 0.464633 6
2 3 44.57 0.497368 2
2 4 113.298 0.453375 6
2 5 113.719 0.449706 7
2 6 44.9202 0.520457 4
2 7 42.6881 0.536212 3
2 8 40.4342 0.543706 3
2 9 45.74 0.493641 3
20 1 26.8965 0.403128 12
20 10 28.7571 0.495081 10
20 2 28.8969 0.407996 8
20 3 29.1203 0.504827 7
20 4 28.2219 0.410411 7
20 5 27.5655 0.407631 11
20 6 27.1112 0.438035 6
20 7 28.9941 0.434786 10
20 8 29.2647 0.478374 8
20 9 28.7925 0.467229 7
200 1 -25.1754 0.531975 4
200 10 -24.6084 0.532801 3
200 2 -27.4886 0.49737 8
200 3 -20.9956 0.489038 4
200 4 -21.1392 0.371445 4
200 5 -26.3 0.545646 4
200 6 -10.54 0.465521 7
200 7 -26.1488 0.47545 2
200 8 -25.7422 0.507231 2
200 9 -20.5297 0.427113 4
201 1 120 0.450346 6
201 10 120 0.42954 6
201 2 120 0.482516 7
201 3 120 0.427716 7
201 4 120 0.513627 6
201 5 120 0.500193 7
201 6 120 0.49492 9
201 7 120 0.482978 6
201 8 120 0.467395 9
201 9 120 0.480761 8
202 1 106.228 0.451661 3
202 10 106.537 0.454131 1
202 2 106.186 0.42918 3
202 3 105.866 0.469989 3
